40
CUST0001
12
0
0
CUST0002
5
1
1
CUST0003
20
2
0
CUST0004
8
1
1
CUST0005
15
3
0
CUST0006
3
2
1
CUST0007
18
0
0
CUST0008
7
1
1
CUST0009
25
2
0
CUST0010
10
3
1
CUST0011
14
0
0
CUST0012
6
1
1
CUST0013
22
2
0
CUST0014
9
3
0
CUST0015
17
0
1
CUST0016
4
1
0
CUST0017
30
2
1
CUST0018
11
3
0
CUST0019
16
0
1
CUST0020
2
1
0
CUST0021
24
2
1
CUST0022
13
3
0
CUST0023
19
0
0
CUST0024
5
1
1
CUST0025
27
2
0
CUST0026
8
3
1
CUST0027
21
0
0
CUST0028
6
1
0
CUST0029
32
2
1
CUST0030
12
3
0
CUST0031
15
0
1
CUST0032
7
1
0
CUST0033
28
2
1
CUST0034
9
3
0
CUST0035
18
0
0
CUST0036
4
1
1
CUST0037
26
2
0
CUST0038
10
3
1
CUST0039
23
0
0
CUST0040
6
1
1