40
0040740001
2026
6
1
8
15
240
0
1
0040740002
2026
6
1
9
30
125
1
0
0040740003
2026
6
1
10
5
360
2
0

0040740004
2026
6
2
11
45
180
0
1
0040740005
2026
6
2
13
20
95
1
0
0040740006
2026
6
3
8
10
420
0
1
0040740007
2026
6
3
9
55
75
2
0
0040740008
2026
6
3
14
25
210
1
1
0040740009
2026
6
4
10
40
150
0
0
0040740010
2026
6
4
16
5
300
2
1
0040740011
2026
6
5
8
35
110
1
0
0040740012
2026
6
5
12
50
275
0
1
0040740013
2026
6
6
9
15
90
2
0
0040740014
2026
6
6
15
30
195
1
1
0040740015
2026
6
7
11
10
340
0
1
0040740016
2026
6
7
17
45
65
2
0
0040740017
2026
6
8
8
5
225
1
0
0040740018
2026
6
8
10
35
480
0
1
0040740019
2026
6
9
13
15
135
2
0
0040740020
2026
6
9
15
55
205
1
1
0040740021
2026
6
10
9
25
310
0
1
0040740022
2026
6
10
12
40
85
2
0
0040740023
2026
6
11
8
50
175
1
0
0040740024
2026
6
11
14
10
390
0
1
0040740025
2026
6
12
10
20
120
2
0
0040740026
2026
6
12
16
35
260
1
1
0040740027
2026
6
13
9
5
445
0
1
0040740028
2026
6
13
11
50
70
2
0
0040740029
2026
6
14
13
30
190
1
0
0040740030
2026
6
14
17
15
325
0
1
0040740031
2026
6
15
8
45
105
2
0
0040740032
2026
6
15
10
55
235
1
1
0040740033
2026
6
16
12
15
370
0
1
0040740034
2026
6
16
15
40
80
2
0
0040740035
2026
6
17
9
35
215
1
0

0040740036
2026
6
17
14
50
410
0
1
0040740037
2026
6
18
8
25
100
2
0
0040740038
2026
6
18
11
45
285
1
1
0040740039
2026
6
19
13
5
155
0
0
0040740040
2026
6
19
16
20
350
2
1